0,560
0,391
0,559
0,558
0,547
0,468
33,38
33,6
33,4
0,546
77,35
10,177
10,301
10,91
10,93
11,28
11,23
11,17
11,10
11,12
11,7
11,18
11,2
11,3
9,7
9,6
9,1
9,4
9,2
9,3
8,17
8,11
8,12
8,6
8,16
8,2
8,3
0,318
12,2
12,1
12,3
62,2
62,1
62,0
61,4
61,3
61,2
61,1
61,0
60,4
60,3
60,2
60,1
60,0
59,4
59,3
59,2
59,1
59,0
58,3
58,2
58,1
58,0
57,4
57,3
57,2
57,1
57,0
56,9
56,8
56,7
56,6
56,5
56,4
56,3
56,2
56,1
56,0
55,5
55,4
55,3
55,2
55,1
55,0
54,4
54,3
54,2
54,1
54,0
53,4
53,3
53,2
53,1
53,0
13,1
13,3
52,5
52,4
52,3
52,2
52,1
52,0
51,4
51,3
51,2
51,1
51,0
50,3
50,2
50,1
50,0
49,5
49,4
49,3
49,2
49,1
49,0
48,3
48,2
48,1
48,0
47,5
47,4
47,3
47,2
47,1
47,0
40,4
40,3
40,1
35,3
35,1
33,137
2,2
33,136
33,108
33,107
33,106
33,8
33,7
33,5
33,3
33,1
25,4
25,3
25,1
24,4
24,3
24,1
20,3
20,2
20,1
19,3
